%%Draw data for experimentation occurring in Dec 23

%--------------------Data:
%Comparison with real world
x2mtMagneticGradient = [nan,200,300,400,500,600,700,800,900,1000;
    100,200,300,400,500,600,700,800,900,1000;
    100,200,300,400,500,600,700,800,900,1000];
ySIM = [];
yCentreMass = [nan,10.8193181,5.085855621,3.034866102,2.229466766,1.795823899,1.193674972,0.987457688,0.784821774,0.655020731;
    9.055717556,4.152861421,2.874502431,1.786860453,1.409926875,1.042876898,0.780776954,0.637969776,0.522055506,0.412042069;
    2.834118174,1.882284168,1.18789364,0.962162833,0.79039051,0.726257594,0.627167818,0.562472934,0.519113454,0.489252375];
yOpticalFlow = [nan,10.80230434,4.29674693,3.52623797,2.824502658,2.401274013,2.417451073,1.629641686,1.919565516,2.032075562;
    7.910818521,4.068145823,2.400868411,2.294077113,2.416291867,1.906002291,2.137347796,1.632292699,2.00194046,1.573899121;
    3.188360959,2.371263284,1.418071177,2.556274472,1.824161177,1.780289963,1.927936898,1.175444695,2.195216576,2.101618166];
yErrCentreMass = [];
yErrOpticalFlow = [];
%No error for sim
%Flow@3mt:

%GradientLimit@3mt:
