particleLocations = [-0.00688249907736964 -0.00362490705230575;-0.00781425329400987 -0.00380865848429557;-0.0068840113538372 -0.00370696448533608;-0.0068671871024978 -0.00328390855393641;-0.00811997589085369 -0.00386958444825222;-0.00811911814694021 -0.00385236868665044;-0.00811977741792383 -0.00390698242651142;-0.00646444441156395 -0.00350351561144546;-0.00741588106192573 -0.00381671603528548;-0.00766892941785859 -0.00314923377656025;-0.00811960544072152 -0.00389424333766389;-0.00811958773632505 -0.00385589810964446;-0.00811955632398472 -0.00389076531712709;-0.00682910748857234 -0.00331688802281795;-0.00648233721729835 -0.00354785803749338;-0.00620909733378826 -0.00357532969726374;-0.00648228195952282 -0.00360342743788178;-0.00648209156132882 -0.00355605478140626;-0.00645594604720068 -0.00350437815246239;-0.00648213152475601 -0.00355405726133095;-0.00648222675579912 -0.00353263247441953;-0.00646369886909178 -0.00349608210281191;-0.00648182392775134 -0.00359493529867221;-0.00847530336435113 -0.00393864093320095;-0.00682903182988205 -0.00331070586779431;-0.00646413007844603 -0.0034965223628846;-0.00782628794144845 -0.00316756934623652;-0.00800403747788401 -0.00314672954211256;-0.00688434789693384 -0.00368566102396192;-0.00666199445219777 -0.00362098829625172;-0.00851296246478042 -0.00310377372799783;-0.00688401300016365 -0.0037203570915167;-0.00741557307378154 -0.00377660580653709;-0.00846071464273419 -0.00393872262317616;-0.00741610001692405 -0.00378033396647253;-0.00699209406880303 -0.00330431511430633;-0.00753006640317448 -0.00379651233505947;-0.0075299319757645 -0.00379958819896842;-0.00691973950545975 -0.00334801130087328;-0.00766914860421802 -0.00316148836966379;-0.00688394229225986 -0.00371621628619711;-0.00847518443057163 -0.00393864093320095;-0.00686731549540155 -0.00327774006503499;-0.0083595348022749 -0.00309544313313872;-0.00825674275429086 -0.00312422290761575;-0.00766889121480392 -0.00315509764025815;-0.00782632682308959 -0.00316372168591204;-0.00666257270839665 -0.00362727682301454;-0.00778513688839067 -0.00382262729701374;-0.00646383600727855 -0.00347883870759675;-0.00752175040461798 -0.00320795684637904;-0.00729564917829041 -0.00327344974409118;-0.00811922279855597 -0.00387353152244155;-0.00688416984110013 -0.00374417802071361;-0.0068843733098324 -0.0036641531970999;-0.0062090576103736 -0.00356654967711967;-0.00729615918528014 -0.00324292105670367;-0.00729637239593042 -0.00328330011114831;-0.00666233943490553 -0.00364016903388129;-0.00729591135401994 -0.00324328639335568;-0.00815485503638511 -0.00313107670675087;-0.00811937238643596 -0.00387985655933625;-0.00688378356109778 -0.00370332862646061;-0.0064825137201172 -0.00356386389402892;-0.00752222537974128 -0.00321435929241162;-0.0064827042150219 -0.00352021821720272;-0.00699169290794496 -0.00331359689992926;-0.00682825362275815 -0.00330326553670629;-0.00741536950660349 -0.00378192047041504;-0.0064643274522116 -0.00345711210275798;-0.00682858542337698 -0.00331708788228233;-0.0066620724484956 -0.00362904407414213;-0.00811951902324434 -0.00387558712756345;-0.00811969379978121 -0.00387636748772556;-0.00648178778062838 -0.00356113979345206;-0.00847539222745919 -0.00393864093320095;-0.00688391032401875 -0.00369874125661261;-0.00741550081046346 -0.00378530347764268;-0.00662686061999499 -0.00337932608854414;-0.00688381610717716 -0.00372557790994828;-0.00662693858956625 -0.00339424432432088;-0.00688281796361688 -0.00361373318531684;-0.00646400838975974 -0.00347525968469;-0.00729616273677413 -0.00327333060419924;-0.0078264249792038 -0.00315575341067118;-0.00835981143467591 -0.003092869585031;-0.00729625839527815 -0.00325196252926375;-0.00688255621368821 -0.0036191108743545;-0.00782621691843175 -0.00316785958745028;-0.00620846261106984 -0.00357203061210074;-0.00729559791156575 -0.00323918032552119;-0.00816278760789468 -0.00391606383612672;-0.00729618752291872 -0.00324846790518599;-0.00811980075973915 -0.00386001029548137;-0.00741582030858594 -0.00382080057183248;-0.00851045792383581 -0.00393643577325969;-0.0069923585756553 -0.00330191199393402;-0.00847497340300018 -0.00393864093320095;-0.00691926843218946 -0.00336362696255507;-0.00811948383755108 -0.00386686646177357;-0.00851348507088515 -0.00310745289082675;-0.00646405510426366 -0.00350245653896798;-0.00851474503729805 -0.00393291834136583;-0.00811981925664838 -0.00392268458905396;-0.00699247437287335 -0.00331822021859451;-0.00811941472926656 -0.00391564723950882;-0.00699216053096255 -0.00330335495444861;-0.00688396459448701 -0.00366595178593697;-0.00682909331292562 -0.00331610198682308;-0.00752982998734861 -0.0038027179755312;-0.00648216310837953 -0.00357119246543412;-0.00688279517856861 -0.00362617892675193;-0.00835994319516637 -0.00309608439798054;-0.00662741240267163 -0.00338045938528488;-0.00846015880886896 -0.00393872262317616;-0.00651092173027609 -0.0034516535136231;-0.00648202644867636 -0.00360862820642855;-0.00688406622103541 -0.00368694342411485;-0.00778428631820281 -0.00382731394697556;-0.00648200338612391 -0.00358435698217215;-0.00691944842430726 -0.00334212000497759;-0.00749677263366507 -0.00380892506599592;-0.00815436612273472 -0.00312804308962805;-0.0068838433258526 -0.00370139589669165;-0.00752152332108451 -0.00319636192882158;-0.00811932647335088 -0.00390772705778168;-0.00766857743690658 -0.00315287931517287;-0.00648183969427371 -0.00353406561518975;-0.00811928209219285 -0.00389324758303225;-0.00851106995893804 -0.00393640443943839;-0.00650844644848493 -0.00351137251661169;-0.00699158936483179 -0.0033233230423114;-0.00811962210872571 -0.00389227671610966;-0.0081199807030518 -0.00387399424696418;-0.00652505246400625 -0.00339287142786474;-0.00682877682254404 -0.00331637580443836;-0.00688363988638757 -0.00371962193954922;-0.00662734794484317 -0.00337970090332641;-0.00766902599500337 -0.0031611687462073;-0.00847476508996713 -0.00393864093320095;-0.00729626655593151 -0.00326609647829377;-0.00766933124801349 -0.00315437271009851;-0.0068676006886513 -0.00328225824466824;-0.00648272344426041 -0.0035339808942789;-0.00699167512700821 -0.00329436005108573;-0.00851297282293458 -0.00311474890050722;-0.00815509218744271 -0.00312814738848701;-0.00729575616500902 -0.00324905857393316;-0.0069197138265288 -0.00333861812457603;-0.00688409045858212 -0.00367489969383017;-0.00652522440731384 -0.00340308787582099;-0.00662723812299771 -0.00337636425481934;-0.00811980914215215 -0.00386991365205937;-0.00836017288171616 -0.00308813147782079;-0.00752196043926599 -0.00320752632096549;-0.00688440190557399 -0.00373157136043639;-0.00688209307888582 -0.0036253997845675;-0.00851733551752657 -0.00393635700760686;-0.00782635476209816 -0.00315774310198436;-0.00781413847696172 -0.00381068352250632;-0.00729575804576384 -0.00325411370774939;-0.00729608957188282 -0.00324728287178116;-0.00729655376787636 -0.00327051661111034;-0.00620888794902821 -0.0035606785240586;-0.00688220779802344 -0.00361930444223896;-0.00688277668646556 -0.00362535194739528;-0.00646460722600015 -0.00345876066666537;-0.00686723719580384 -0.00327361355740697;-0.00652548060134892 -0.00342872015752154;-0.00850746972885665 -0.00393251812775936;-0.00688390107983465 -0.00370095476136507;-0.00816365045756633 -0.00391107884490883;-0.00666178807571605 -0.00363865660982099;-0.00800389148826752 -0.00314448837283244;-0.00646428653889901 -0.00350133577193803;-0.00648185676304844 -0.00360759767597174;-0.00741564460737061 -0.00377462130103056;-0.00646370038677921 -0.0034662984143087;-0.00650772889356809 -0.00351995407134916;-0.00811914706423588 -0.00389752237209271;-0.00646421929718518 -0.00345586471348025;-0.00648234914139214 -0.0035266083485607;-0.00782606924925025 -0.00317562501209906;-0.00816274468070113 -0.00390659957373866;-0.00688249888705084 -0.00361448183169441;-0.00691925763925524 -0.00332872510451556;-0.0072962181250462 -0.00326836441441884;-0.00691877997182708 -0.00334390555106511;-0.0068285428393052 -0.00330031145032259;-0.00666220988524056 -0.00362214956657953;-0.00851211178615307 